-- 11 09 13 12 15 10 14 03 07 06 02 04 08 05 01
-- 15 09 13 11 12 10 14 03 07 06 02 04 08 05 01
-- 12 09 13 15 08 10 14 11 07 06 02 04 03 05 01
-- 12 11 13 15 14 10 09 03 07 06 02 04 08 05 01
-- 12 09 13 15 11 14 10 03 08 06 02 04 07 05 01
-- 12 10 13 15 11 09 14 07 03 06 02 04 08 05 01
-- 12 09 13 15 11 10 14 03 07 02 05 04 08 06 01
-- 12 09 13 15 11 10 14 03 07 05 06 04 08 02 01
-- 12 09 13 15 11 10 14 08 03 06 02 04 07 05 01
-- 12 14 13 15 11 09 10 03 07 06 02 04 08 05 01
-- 12 10 13 15 11 14 09 03 07 02 05 04 08 06 01
-- 12 09 13 15 11 10 14 07 08 05 06 04 03 02 01
-- 12 09 13 15 11 10 14 07 08 06 02 04 03 05 01
-- 12 10 13 15 11 14 09 03 07 06 02 04 08 05 01
-- 12 09 13 15 11 10 14 03 07 06 02 04 08 05 01
-- 12 14 13 15 11 09 10 08 03 06 02 04 07 05 01
-- 12 10 13 15 11 14 09 07 08 06 02 04 03 05 01
